[gd_scene load_steps=9 format=3 uid="uid://472cmwu0eaxg"]

[ext_resource type="Material" uid="uid://b0h3enej5x38l" path="res://assets/materials/cobblestone_shader.tres" id="1_wv0km"]
[ext_resource type="PackedScene" uid="uid://bup01200g4iel" path="res://scenes/GameManager.tscn" id="2_5bn3j"]
[ext_resource type="PackedScene" uid="uid://eo5pry0bgkm3" path="res://scenes/TavernkeepV2.tscn" id="3_hbgik"]
[ext_resource type="PackedScene" uid="uid://deidty8ocjhrh" path="res://prefabs/props_n_environments/tavernBar_prefab.tscn" id="4_b7trs"]
[ext_resource type="PackedScene" uid="uid://cishld48mfg2o" path="res://scenes/player/PlayerDialogue.tscn" id="5_3al8d"]

[sub_resource type="BoxShape3D" id="BoxShape3D_o10pe"]

[sub_resource type="BoxMesh" id="BoxMesh_rjmtg"]

[sub_resource type="Environment" id="Environment_sc8nw"]
tonemap_mode = 2
tonemap_exposure = 1.62
tonemap_white = 2.06
sdfgi_enabled = true
sdfgi_use_occlusion = true
sdfgi_read_sky_light = false
sdfgi_energy = 0.635
glow_enabled = true
glow_normalized = true
glow_bloom = 0.07
glow_blend_mode = 0
volumetric_fog_enabled = true

[node name="TavernkeepDialogue" type="Node3D"]

[node name="StaticBody3D" type="StaticBody3D" parent="."]

[node name="CollisionShape3D" type="CollisionShape3D" parent="StaticBody3D"]
transform = Transform3D(59.9983, -0.0147839, -0.0667642, 0.443474, 1.99994, -0.040194, 0.0670592, 0.00132333, 60, 0, 0, 0)
shape = SubResource("BoxShape3D_o10pe")

[node name="MeshInstance3D" type="MeshInstance3D" parent="StaticBody3D"]
transform = Transform3D(60, 0, 0, 0, 2, 0, 0, 0, 60, 0, 0, 0)
cast_shadow = 0
mesh = SubResource("BoxMesh_rjmtg")
surface_material_override/0 = ExtResource("1_wv0km")

[node name="GameManager" parent="." instance=ExtResource("2_5bn3j")]

[node name="TavernkeepWithDialogue" parent="." instance=ExtResource("3_hbgik")]
transform = Transform3D(-1, 0, -8.74228e-08, 0, 1, 0, 8.74228e-08, 0, -1, 1.67097, 1.02605, 3.38015)

[node name="lights" type="Node3D" parent="."]

[node name="DirectionalLight3D" type="DirectionalLight3D" parent="lights"]
transform = Transform3D(0.00400186, 0.975747, 0.218865, 0.765332, -0.143857, 0.627353, 0.643623, 0.164994, -0.747346, 9.31231, 7.0082, -5.86825)
light_energy = 0.654
shadow_enabled = true

[node name="WorldEnvironment" type="WorldEnvironment" parent="lights"]
environment = SubResource("Environment_sc8nw")

[node name="SpotLight3D2" type="SpotLight3D" parent="lights"]
transform = Transform3D(0.996179, -0.008311, 0.0869332, -0.0873296, -0.0948046, 0.991658, 2.57422e-10, -0.995461, -0.0951682, 2.50884, 4.23728, 1.78617)
spot_range = 4.388
spot_angle = 19.55

[node name="SpotLight3D3" type="SpotLight3D" parent="lights"]
transform = Transform3D(0.999403, 0.00328812, -0.0343938, 0.0345506, -0.0951113, 0.994867, 0, -0.995461, -0.0951682, 3.58338, 4.23728, 1.78617)
spot_range = 4.388
spot_angle = 19.55

[node name="SpotLight3D4" type="SpotLight3D" parent="lights"]
transform = Transform3D(0.996835, 0.00756616, -0.0791422, 0.079503, -0.0948669, 0.99231, 2.57422e-10, -0.995461, -0.0951682, 4.47008, 4.24878, 1.79682)
spot_range = 4.388
spot_angle = 19.55

[node name="TavernBarPrefab" parent="." instance=ExtResource("4_b7trs")]
transform = Transform3D(-1, 0, -8.74228e-08, 0, 1, 0, 8.74228e-08, 0, -1, 2.20259, 1, 3.66625)

[node name="PlayerDialogue" parent="." instance=ExtResource("5_3al8d")]
transform = Transform3D(-1, 0, -8.74228e-08, 0, 1, 0, 8.74228e-08, 0, -1, 2.6457, 2.87602, 1.44257)

[node name="Camera3D" parent="PlayerDialogue" index="0"]
transform = Transform3D(1, 0, 0, 0, 1, 0, 0, 0, 1, -0.164084, -0.151587, 0.8698)

[editable path="PlayerDialogue"]
